50	
0	12.011
1	12.011
2	12.011
3	12.011
4	12.011
5	12.011
6	12.011
7	12.011
8	12.011
9	12.011
10	12.011
11	12.011
12	12.011
13	12.011
14	12.011
15	12.011
16	12.011
17	12.011
18	12.011
19	12.011
20	12.011
21	12.011
22	12.011
23	12.011
24	12.011
25	12.011
26	12.011
27	12.011
28	12.011
29	12.011
30	12.011
31	12.011
32	12.011
33	12.011
34	12.011
35	12.011
36	12.011
37	12.011
38	12.011
39	12.011
40	12.011
41	12.011
42	12.011
43	12.011
44	12.011
45	12.011
46	12.011
47	12.011
48	12.011
49	12.011
0
1
2
3
4
5
6
7
8
9
10
11
12
13
14
15
16
17
18
19
20
21
22
23
24
25
26
27
28
29
30
31
32
33
34
35
36
37
38
39
40
41
42
43
44
45
46
47
48
49