50 3 2.1 1 0 0 
1 1 0 12.302199601999998 0.0 0.0 -6.151099800999999 10.654017378 0.0 0.0 0.0 10.0 
0 -6.177549530139714e-06 0.7102713712121174 5.0 12.011
0 1.23022613774953 1.4205321043878827 5.0 12.011
0 -1.23022613774953 2.841074846812117 5.0 12.011
0 6.177549530139714e-06 3.5513355799878825 5.0 12.011
0 -2.46044609794953 4.971878322412118 5.0 12.011
0 -1.2302137826504698 5.682139055587883 5.0 12.011
0 -3.69066605814953 7.102681798012117 5.0 12.011
0 -2.4604337428504697 7.812942531187883 5.0 12.011
0 -4.920886018349529 9.233485273612118 5.0 12.011
0 -3.6906537030504696 9.943746006787883 5.0 12.011
0 2.4604337428504697 0.7102713712121174 5.0 12.011
0 3.69066605814953 1.4205321043878827 5.0 12.011
0 1.2302137826504698 2.841074846812117 5.0 12.011
0 2.46044609794953 3.5513355799878825 5.0 12.011
0 -6.177549530139714e-06 4.971878322412118 5.0 12.011
0 1.23022613774953 5.682139055587883 5.0 12.011
0 -1.23022613774953 7.102681798012117 5.0 12.011
0 6.177549530139714e-06 7.812942531187883 5.0 12.011
0 -2.46044609794953 9.233485273612118 5.0 12.011
0 -1.2302137826504698 9.943746006787883 5.0 12.011
0 4.92087366325047 0.7102713712121174 5.0 12.011
0 6.15110597854953 1.4205321043878827 5.0 12.011
0 3.6906537030504696 2.841074846812117 5.0 12.011
0 4.920886018349529 3.5513355799878825 5.0 12.011
0 2.4604337428504697 4.971878322412118 5.0 12.011
0 3.69066605814953 5.682139055587883 5.0 12.011
0 1.2302137826504698 7.102681798012117 5.0 12.011
0 2.46044609794953 7.812942531187883 5.0 12.011
0 -6.177549530139714e-06 9.233485273612118 5.0 12.011
0 1.23022613774953 9.943746006787883 5.0 12.011
0 7.381313583650469 0.7102713712121174 5.0 12.011
0 8.61154589894953 1.4205321043878827 5.0 12.011
0 6.151093623450469 2.841074846812117 5.0 12.011
0 7.381325938749529 3.5513355799878825 5.0 12.011
0 4.92087366325047 4.971878322412118 5.0 12.011
0 6.15110597854953 5.682139055587883 5.0 12.011
0 3.6906537030504696 7.102681798012117 5.0 12.011
0 4.920886018349529 7.812942531187883 5.0 12.011
0 2.4604337428504697 9.233485273612118 5.0 12.011
0 3.69066605814953 9.943746006787883 5.0 12.011
0 9.84175350405047 0.7102713712121174 5.0 12.011
0 11.071985819349528 1.4205321043878827 5.0 12.011
0 8.61153354385047 2.841074846812117 5.0 12.011
0 9.841765859149529 3.5513355799878825 5.0 12.011
0 7.381313583650469 4.971878322412118 5.0 12.011
0 8.61154589894953 5.682139055587883 5.0 12.011
0 6.151093623450469 7.102681798012117 5.0 12.011
0 7.381325938749529 7.812942531187883 5.0 12.011
0 4.92087366325047 9.233485273612118 5.0 12.011
0 6.15110597854953 9.943746006787883 5.0 12.011