978 3 2.1 0 0 1 
1 1 0 51.6497550817 51.12 20.0 
0   0.614878036 0.710000001 10  12.011  0
0   1.844634109 1.420000001 10  12.011  1
0   1.844634109 2.840000002 10  12.011  2
0   0.614878036 3.549999998 10  12.011  3
0   0.614878036 4.969999999 10  12.011  4
0   1.844634109 5.679999999 10  12.011  5
0   1.844634109 7.100000001 10  12.011  6
0   0.614878036 7.810000001 10  12.011  7
0   0.614878036 9.230000002 10  12.011  8
0   1.844634109 9.939999998 10  12.011  9
0   0.614878036 12.07   10  12.011  10
0   0.614878036 13.49   10  12.011  11
0   1.844634109 14.2    10  12.011  12
0   1.844634109 15.62   10  12.011  13
0   0.614878036 16.33   10  12.011  14
0   0.614878036 17.75   10  12.011  15
0   1.844634109 18.46   10  12.011  16
0   1.844634109 19.88   10  12.011  17
0   0.614878036 20.59   10  12.011  18
0   0.614878036 22.01   10  12.011  19
0   1.844634109 22.72   10  12.011  20
0   1.844634109 24.14   10  12.011  21
0   0.614878036 24.85   10  12.011  22
0   0.614878036 26.27   10  12.011  23
0   1.844634109 26.98   10  12.011  24
0   1.844634109 28.4    10  12.011  25
0   0.614878036 29.11   10  12.011  26
0   0.614878036 30.53   10  12.011  27
0   1.844634109 31.24   10  12.011  28
0   1.844634109 32.66   10  12.011  29
0   0.614878036 33.37   10  12.011  30
0   0.614878036 34.79   10  12.011  31
0   1.844634109 35.5    10  12.011  32
0   1.844634109 36.92   10  12.011  33
0   0.614878036 37.63   10  12.011  34
0   0.614878036 39.05   10  12.011  35
0   1.844634109 39.76   10  12.011  36
0   1.844634109 41.18   10  12.011  37
0   0.614878036 41.89   10  12.011  38
0   0.614878036 43.31   10  12.011  39
0   1.844634109 44.02   10  12.011  40
0   1.844634109 45.44   10  12.011  41
0   0.614878036 46.15   10  12.011  42
0   0.614878036 47.57   10  12.011  43
0   1.844634109 48.28   10  12.011  44
0   1.844634109 49.7    10  12.011  45
0   0.614878036 50.41   10  12.011  46
0   3.074390182 0.710000001 10  12.011  47
0   4.304146255 1.420000001 10  12.011  48
0   4.304146255 2.840000002 10  12.011  49
0   3.074390182 3.549999998 10  12.011  50
0   3.074390182 4.969999999 10  12.011  51
0   4.304146255 5.679999999 10  12.011  52
0   4.304146255 7.100000001 10  12.011  53
0   4.304146255 9.939999998 10  12.011  54
0   4.304146255 11.36   10  12.011  55
0   3.074390182 12.07   10  12.011  56
0   3.074390182 13.49   10  12.011  57
0   4.304146255 14.2    10  12.011  58
0   4.304146255 15.62   10  12.011  59
0   3.074390182 16.33   10  12.011  60
0   3.074390182 17.75   10  12.011  61
0   4.304146255 18.46   10  12.011  62
0   4.304146255 19.88   10  12.011  63
0   3.074390182 20.59   10  12.011  64
0   3.074390182 22.01   10  12.011  65
0   4.304146255 22.72   10  12.011  66
0   4.304146255 24.14   10  12.011  67
0   3.074390182 24.85   10  12.011  68
0   3.074390182 26.27   10  12.011  69
0   4.304146255 26.98   10  12.011  70
0   4.304146255 28.4    10  12.011  71
0   3.074390182 30.53   10  12.011  72
0   4.304146255 31.24   10  12.011  73
0   4.304146255 32.66   10  12.011  74
0   3.074390182 33.37   10  12.011  75
0   3.074390182 34.79   10  12.011  76
0   4.304146255 35.5    10  12.011  77
0   4.304146255 36.92   10  12.011  78
0   3.074390182 37.63   10  12.011  79
0   3.074390182 39.05   10  12.011  80
0   4.304146255 39.76   10  12.011  81
0   3.074390182 41.89   10  12.011  82
0   3.074390182 43.31   10  12.011  83
0   4.304146255 44.02   10  12.011  84
0   4.304146255 45.44   10  12.011  85
0   3.074390182 46.15   10  12.011  86
0   3.074390182 47.57   10  12.011  87
0   4.304146255 48.28   10  12.011  88
0   4.304146255 49.7    10  12.011  89
0   3.074390182 50.41   10  12.011  90
0   5.533902328 0.710000001 10  12.011  91
0   6.763658406 1.420000001 10  12.011  92
0   6.763658406 2.840000002 10  12.011  93
0   5.533902328 3.549999998 10  12.011  94
0   5.533902328 4.969999999 10  12.011  95
0   6.763658406 5.679999999 10  12.011  96
0   6.763658406 7.100000001 10  12.011  97
0   5.533902328 7.810000001 10  12.011  98
0   5.533902328 9.230000002 10  12.011  99
0   6.763658406 9.939999998 10  12.011  100
0   6.763658406 11.36   10  12.011  101
0   5.533902328 12.07   10  12.011  102
0   5.533902328 13.49   10  12.011  103
0   6.763658406 14.2    10  12.011  104
0   6.763658406 15.62   10  12.011  105
0   5.533902328 16.33   10  12.011  106
0   5.533902328 17.75   10  12.011  107
0   6.763658406 18.46   10  12.011  108
0   6.763658406 19.88   10  12.011  109
0   5.533902328 20.59   10  12.011  110
0   5.533902328 22.01   10  12.011  111
0   6.763658406 22.72   10  12.011  112
0   6.763658406 24.14   10  12.011  113
0   5.533902328 24.85   10  12.011  114
0   5.533902328 26.27   10  12.011  115
0   6.763658406 26.98   10  12.011  116
0   6.763658406 28.4    10  12.011  117
0   5.533902328 29.11   10  12.011  118
0   5.533902328 30.53   10  12.011  119
0   6.763658406 32.66   10  12.011  120
0   5.533902328 33.37   10  12.011  121
0   5.533902328 34.79   10  12.011  122
0   6.763658406 35.5    10  12.011  123
0   6.763658406 36.92   10  12.011  124
0   5.533902328 37.63   10  12.011  125
0   5.533902328 39.05   10  12.011  126
0   6.763658406 39.76   10  12.011  127
0   6.763658406 41.18   10  12.011  128
0   5.533902328 41.89   10  12.011  129
0   5.533902328 43.31   10  12.011  130
0   6.763658406 44.02   10  12.011  131
0   6.763658406 45.44   10  12.011  132
0   5.533902328 46.15   10  12.011  133
0   5.533902328 47.57   10  12.011  134
0   6.763658406 48.28   10  12.011  135
0   6.763658406 49.7    10  12.011  136
0   5.533902328 50.41   10  12.011  137
0   7.993414479 0.710000001 10  12.011  138
0   9.223170552 1.420000001 10  12.011  139
0   9.223170552 2.840000002 10  12.011  140
0   7.993414479 3.549999998 10  12.011  141
0   7.993414479 4.969999999 10  12.011  142
0   9.223170552 5.679999999 10  12.011  143
0   9.223170552 7.100000001 10  12.011  144
0   7.993414479 7.810000001 10  12.011  145
0   7.993414479 9.230000002 10  12.011  146
0   9.223170552 9.939999998 10  12.011  147
0   9.223170552 11.36   10  12.011  148
0   7.993414479 12.07   10  12.011  149
0   7.993414479 13.49   10  12.011  150
0   9.223170552 14.2    10  12.011  151
0   9.223170552 15.62   10  12.011  152
0   7.993414479 16.33   10  12.011  153
0   7.993414479 17.75   10  12.011  154
0   9.223170552 18.46   10  12.011  155
0   9.223170552 19.88   10  12.011  156
0   7.993414479 20.59   10  12.011  157
0   7.993414479 22.01   10  12.011  158
0   9.223170552 22.72   10  12.011  159
0   7.993414479 24.85   10  12.011  160
0   7.993414479 26.27   10  12.011  161
0   9.223170552 26.98   10  12.011  162
0   9.223170552 28.4    10  12.011  163
0   7.993414479 29.11   10  12.011  164
0   7.993414479 30.53   10  12.011  165
0   9.223170552 31.24   10  12.011  166
0   9.223170552 32.66   10  12.011  167
0   7.993414479 33.37   10  12.011  168
0   7.993414479 34.79   10  12.011  169
0   9.223170552 35.5    10  12.011  170
0   9.223170552 36.92   10  12.011  171
0   7.993414479 37.63   10  12.011  172
0   7.993414479 39.05   10  12.011  173
0   9.223170552 39.76   10  12.011  174
0   9.223170552 41.18   10  12.011  175
0   7.993414479 41.89   10  12.011  176
0   7.993414479 43.31   10  12.011  177
0   9.223170552 44.02   10  12.011  178
0   9.223170552 45.44   10  12.011  179
0   7.993414479 46.15   10  12.011  180
0   7.993414479 47.57   10  12.011  181
0   9.223170552 48.28   10  12.011  182
0   9.223170552 49.7    10  12.011  183
0   7.993414479 50.41   10  12.011  184
0   10.45292662 0.710000001 10  12.011  185
0   11.6826827  1.420000001 10  12.011  186
0   11.6826827  2.840000002 10  12.011  187
0   10.45292662 3.549999998 10  12.011  188
0   10.45292662 4.969999999 10  12.011  189
0   11.6826827  5.679999999 10  12.011  190
0   11.6826827  7.100000001 10  12.011  191
0   10.45292662 7.810000001 10  12.011  192
0   10.45292662 9.230000002 10  12.011  193
0   11.6826827  9.939999998 10  12.011  194
0   11.6826827  11.36   10  12.011  195
0   10.45292662 12.07   10  12.011  196
0   10.45292662 13.49   10  12.011  197
0   11.6826827  14.2    10  12.011  198
0   10.45292662 16.33   10  12.011  199
0   11.6826827  18.46   10  12.011  200
0   11.6826827  19.88   10  12.011  201
0   10.45292662 20.59   10  12.011  202
0   10.45292662 22.01   10  12.011  203
0   11.6826827  22.72   10  12.011  204
0   11.6826827  24.14   10  12.011  205
0   10.45292662 24.85   10  12.011  206
0   10.45292662 26.27   10  12.011  207
0   11.6826827  26.98   10  12.011  208
0   11.6826827  28.4    10  12.011  209
0   10.45292662 29.11   10  12.011  210
0   10.45292662 30.53   10  12.011  211
0   11.6826827  31.24   10  12.011  212
0   11.6826827  32.66   10  12.011  213
0   10.45292662 33.37   10  12.011  214
0   10.45292662 34.79   10  12.011  215
0   11.6826827  35.5    10  12.011  216
0   11.6826827  36.92   10  12.011  217
0   10.45292662 37.63   10  12.011  218
0   10.45292662 39.05   10  12.011  219
0   11.6826827  39.76   10  12.011  220
0   11.6826827  41.18   10  12.011  221
0   10.45292662 41.89   10  12.011  222
0   10.45292662 43.31   10  12.011  223
0   11.6826827  44.02   10  12.011  224
0   11.6826827  45.44   10  12.011  225
0   10.45292662 46.15   10  12.011  226
0   10.45292662 47.57   10  12.011  227
0   11.6826827  48.28   10  12.011  228
0   11.6826827  49.7    10  12.011  229
0   10.45292662 50.41   10  12.011  230
0   12.91243877 0.710000001 10  12.011  231
0   14.14219484 1.420000001 10  12.011  232
0   14.14219484 2.840000002 10  12.011  233
0   12.91243877 3.549999998 10  12.011  234
0   12.91243877 4.969999999 10  12.011  235
0   14.14219484 5.679999999 10  12.011  236
0   14.14219484 7.100000001 10  12.011  237
0   12.91243877 7.810000001 10  12.011  238
0   12.91243877 9.230000002 10  12.011  239
0   14.14219484 9.939999998 10  12.011  240
0   14.14219484 11.36   10  12.011  241
0   12.91243877 12.07   10  12.011  242
0   12.91243877 13.49   10  12.011  243
0   14.14219484 14.2    10  12.011  244
0   14.14219484 15.62   10  12.011  245
0   12.91243877 16.33   10  12.011  246
0   12.91243877 17.75   10  12.011  247
0   14.14219484 18.46   10  12.011  248
0   14.14219484 19.88   10  12.011  249
0   12.91243877 20.59   10  12.011  250
0   12.91243877 22.01   10  12.011  251
0   14.14219484 22.72   10  12.011  252
0   14.14219484 24.14   10  12.011  253
0   12.91243877 24.85   10  12.011  254
0   12.91243877 26.27   10  12.011  255
0   14.14219484 26.98   10  12.011  256
0   14.14219484 28.4    10  12.011  257
0   12.91243877 29.11   10  12.011  258
0   14.14219484 31.24   10  12.011  259
0   14.14219484 32.66   10  12.011  260
0   12.91243877 33.37   10  12.011  261
0   12.91243877 34.79   10  12.011  262
0   14.14219484 35.5    10  12.011  263
0   14.14219484 36.92   10  12.011  264
0   12.91243877 37.63   10  12.011  265
0   12.91243877 39.05   10  12.011  266
0   14.14219484 39.76   10  12.011  267
0   12.91243877 41.89   10  12.011  268
0   12.91243877 43.31   10  12.011  269
0   14.14219484 44.02   10  12.011  270
0   14.14219484 45.44   10  12.011  271
0   12.91243877 46.15   10  12.011  272
0   12.91243877 47.57   10  12.011  273
0   14.14219484 48.28   10  12.011  274
0   14.14219484 49.7    10  12.011  275
0   12.91243877 50.41   10  12.011  276
0   15.37195092 0.710000001 10  12.011  277
0   16.60170699 1.420000001 10  12.011  278
0   16.60170699 2.840000002 10  12.011  279
0   15.37195092 3.549999998 10  12.011  280
0   15.37195092 4.969999999 10  12.011  281
0   16.60170699 5.679999999 10  12.011  282
0   16.60170699 7.100000001 10  12.011  283
0   15.37195092 7.810000001 10  12.011  284
0   15.37195092 9.230000002 10  12.011  285
0   16.60170699 9.939999998 10  12.011  286
0   16.60170699 11.36   10  12.011  287
0   15.37195092 12.07   10  12.011  288
0   15.37195092 13.49   10  12.011  289
0   16.60170699 14.2    10  12.011  290
0   16.60170699 15.62   10  12.011  291
0   15.37195092 16.33   10  12.011  292
0   15.37195092 17.75   10  12.011  293
0   16.60170699 18.46   10  12.011  294
0   16.60170699 19.88   10  12.011  295
0   15.37195092 20.59   10  12.011  296
0   15.37195092 22.01   10  12.011  297
0   16.60170699 24.14   10  12.011  298
0   15.37195092 24.85   10  12.011  299
0   15.37195092 26.27   10  12.011  300
0   16.60170699 26.98   10  12.011  301
0   16.60170699 28.4    10  12.011  302
0   15.37195092 29.11   10  12.011  303
0   15.37195092 30.53   10  12.011  304
0   16.60170699 31.24   10  12.011  305
0   15.37195092 33.37   10  12.011  306
0   15.37195092 34.79   10  12.011  307
0   16.60170699 35.5    10  12.011  308
0   15.37195092 37.63   10  12.011  309
0   15.37195092 39.05   10  12.011  310
0   16.60170699 39.76   10  12.011  311
0   16.60170699 41.18   10  12.011  312
0   15.37195092 41.89   10  12.011  313
0   15.37195092 43.31   10  12.011  314
0   16.60170699 44.02   10  12.011  315
0   16.60170699 45.44   10  12.011  316
0   15.37195092 46.15   10  12.011  317
0   15.37195092 47.57   10  12.011  318
0   16.60170699 48.28   10  12.011  319
0   16.60170699 49.7    10  12.011  320
0   15.37195092 50.41   10  12.011  321
0   17.83146306 0.710000001 10  12.011  322
0   19.06121913 1.420000001 10  12.011  323
0   19.06121913 2.840000002 10  12.011  324
0   17.83146306 3.549999998 10  12.011  325
0   17.83146306 4.969999999 10  12.011  326
0   19.06121913 5.679999999 10  12.011  327
0   19.06121913 7.100000001 10  12.011  328
0   17.83146306 7.810000001 10  12.011  329
0   19.06121913 9.939999998 10  12.011  330
0   19.06121913 11.36   10  12.011  331
0   17.83146306 12.07   10  12.011  332
0   17.83146306 13.49   10  12.011  333
0   19.06121913 14.2    10  12.011  334
0   19.06121913 15.62   10  12.011  335
0   17.83146306 16.33   10  12.011  336
0   17.83146306 17.75   10  12.011  337
0   19.06121913 18.46   10  12.011  338
0   19.06121913 19.88   10  12.011  339
0   17.83146306 20.59   10  12.011  340
0   17.83146306 22.01   10  12.011  341
0   19.06121913 22.72   10  12.011  342
0   19.06121913 24.14   10  12.011  343
0   17.83146306 24.85   10  12.011  344
0   17.83146306 26.27   10  12.011  345
0   19.06121913 26.98   10  12.011  346
0   19.06121913 28.4    10  12.011  347
0   17.83146306 29.11   10  12.011  348
0   17.83146306 30.53   10  12.011  349
0   19.06121913 31.24   10  12.011  350
0   19.06121913 32.66   10  12.011  351
0   17.83146306 33.37   10  12.011  352
0   17.83146306 34.79   10  12.011  353
0   19.06121913 35.5    10  12.011  354
0   19.06121913 36.92   10  12.011  355
0   17.83146306 37.63   10  12.011  356
0   17.83146306 39.05   10  12.011  357
0   19.06121913 39.76   10  12.011  358
0   19.06121913 41.18   10  12.011  359
0   17.83146306 41.89   10  12.011  360
0   17.83146306 43.31   10  12.011  361
0   19.06121913 44.02   10  12.011  362
0   19.06121913 45.44   10  12.011  363
0   17.83146306 46.15   10  12.011  364
0   17.83146306 47.57   10  12.011  365
0   19.06121913 48.28   10  12.011  366
0   19.06121913 49.7    10  12.011  367
0   17.83146306 50.41   10  12.011  368
0   20.29097521 0.710000001 10  12.011  369
0   21.52073129 1.420000001 10  12.011  370
0   21.52073129 2.840000002 10  12.011  371
0   20.29097521 3.549999998 10  12.011  372
0   20.29097521 4.969999999 10  12.011  373
0   21.52073129 5.679999999 10  12.011  374
0   21.52073129 7.100000001 10  12.011  375
0   20.29097521 7.810000001 10  12.011  376
0   20.29097521 9.230000002 10  12.011  377
0   21.52073129 9.939999998 10  12.011  378
0   21.52073129 11.36   10  12.011  379
0   20.29097521 12.07   10  12.011  380
0   20.29097521 13.49   10  12.011  381
0   21.52073129 14.2    10  12.011  382
0   21.52073129 15.62   10  12.011  383
0   20.29097521 16.33   10  12.011  384
0   20.29097521 17.75   10  12.011  385
0   21.52073129 18.46   10  12.011  386
0   21.52073129 19.88   10  12.011  387
0   20.29097521 22.01   10  12.011  388
0   21.52073129 22.72   10  12.011  389
0   21.52073129 24.14   10  12.011  390
0   20.29097521 24.85   10  12.011  391
0   20.29097521 26.27   10  12.011  392
0   21.52073129 26.98   10  12.011  393
0   21.52073129 28.4    10  12.011  394
0   20.29097521 29.11   10  12.011  395
0   20.29097521 30.53   10  12.011  396
0   21.52073129 31.24   10  12.011  397
0   21.52073129 32.66   10  12.011  398
0   20.29097521 33.37   10  12.011  399
0   20.29097521 34.79   10  12.011  400
0   21.52073129 35.5    10  12.011  401
0   21.52073129 36.92   10  12.011  402
0   20.29097521 37.63   10  12.011  403
0   20.29097521 39.05   10  12.011  404
0   21.52073129 39.76   10  12.011  405
0   21.52073129 41.18   10  12.011  406
0   20.29097521 41.89   10  12.011  407
0   20.29097521 43.31   10  12.011  408
0   21.52073129 44.02   10  12.011  409
0   21.52073129 45.44   10  12.011  410
0   20.29097521 46.15   10  12.011  411
0   20.29097521 47.57   10  12.011  412
0   21.52073129 48.28   10  12.011  413
0   21.52073129 49.7    10  12.011  414
0   20.29097521 50.41   10  12.011  415
0   22.75048736 0.710000001 10  12.011  416
0   23.98024343 1.420000001 10  12.011  417
0   23.98024343 2.840000002 10  12.011  418
0   22.75048736 3.549999998 10  12.011  419
0   22.75048736 4.969999999 10  12.011  420
0   23.98024343 5.679999999 10  12.011  421
0   23.98024343 7.100000001 10  12.011  422
0   22.75048736 7.810000001 10  12.011  423
0   22.75048736 9.230000002 10  12.011  424
0   23.98024343 9.939999998 10  12.011  425
0   23.98024343 11.36   10  12.011  426
0   22.75048736 12.07   10  12.011  427
0   22.75048736 13.49   10  12.011  428
0   23.98024343 14.2    10  12.011  429
0   23.98024343 15.62   10  12.011  430
0   22.75048736 16.33   10  12.011  431
0   22.75048736 17.75   10  12.011  432
0   23.98024343 18.46   10  12.011  433
0   23.98024343 19.88   10  12.011  434
0   22.75048736 20.59   10  12.011  435
0   22.75048736 22.01   10  12.011  436
0   23.98024343 22.72   10  12.011  437
0   23.98024343 24.14   10  12.011  438
0   22.75048736 24.85   10  12.011  439
0   22.75048736 26.27   10  12.011  440
0   23.98024343 26.98   10  12.011  441
0   23.98024343 28.4    10  12.011  442
0   22.75048736 29.11   10  12.011  443
0   22.75048736 30.53   10  12.011  444
0   23.98024343 31.24   10  12.011  445
0   23.98024343 32.66   10  12.011  446
0   22.75048736 33.37   10  12.011  447
0   22.75048736 34.79   10  12.011  448
0   23.98024343 35.5    10  12.011  449
0   23.98024343 36.92   10  12.011  450
0   22.75048736 37.63   10  12.011  451
0   22.75048736 39.05   10  12.011  452
0   23.98024343 39.76   10  12.011  453
0   23.98024343 41.18   10  12.011  454
0   22.75048736 41.89   10  12.011  455
0   22.75048736 43.31   10  12.011  456
0   23.98024343 44.02   10  12.011  457
0   23.98024343 45.44   10  12.011  458
0   22.75048736 46.15   10  12.011  459
0   22.75048736 47.57   10  12.011  460
0   23.98024343 48.28   10  12.011  461
0   23.98024343 49.7    10  12.011  462
0   22.75048736 50.41   10  12.011  463
0   25.2099995  0.710000001 10  12.011  464
0   26.43975558 1.420000001 10  12.011  465
0   26.43975558 2.840000002 10  12.011  466
0   25.2099995  3.549999998 10  12.011  467
0   25.2099995  4.969999999 10  12.011  468
0   26.43975558 5.679999999 10  12.011  469
0   26.43975558 7.100000001 10  12.011  470
0   25.2099995  7.810000001 10  12.011  471
0   25.2099995  9.230000002 10  12.011  472
0   26.43975558 9.939999998 10  12.011  473
0   26.43975558 11.36   10  12.011  474
0   25.2099995  12.07   10  12.011  475
0   25.2099995  13.49   10  12.011  476
0   26.43975558 14.2    10  12.011  477
0   26.43975558 15.62   10  12.011  478
0   25.2099995  16.33   10  12.011  479
0   25.2099995  17.75   10  12.011  480
0   26.43975558 18.46   10  12.011  481
0   26.43975558 19.88   10  12.011  482
0   25.2099995  20.59   10  12.011  483
0   25.2099995  22.01   10  12.011  484
0   26.43975558 22.72   10  12.011  485
0   26.43975558 24.14   10  12.011  486
0   25.2099995  24.85   10  12.011  487
0   25.2099995  26.27   10  12.011  488
0   26.43975558 26.98   10  12.011  489
0   26.43975558 28.4    10  12.011  490
0   25.2099995  29.11   10  12.011  491
0   25.2099995  30.53   10  12.011  492
0   26.43975558 31.24   10  12.011  493
0   26.43975558 32.66   10  12.011  494
0   25.2099995  33.37   10  12.011  495
0   25.2099995  34.79   10  12.011  496
0   26.43975558 35.5    10  12.011  497
0   26.43975558 36.92   10  12.011  498
0   25.2099995  37.63   10  12.011  499
0   25.2099995  39.05   10  12.011  500
0   26.43975558 39.76   10  12.011  501
0   26.43975558 41.18   10  12.011  502
0   25.2099995  41.89   10  12.011  503
0   25.2099995  43.31   10  12.011  504
0   26.43975558 44.02   10  12.011  505
0   26.43975558 45.44   10  12.011  506
0   25.2099995  46.15   10  12.011  507
0   25.2099995  47.57   10  12.011  508
0   26.43975558 48.28   10  12.011  509
0   26.43975558 49.7    10  12.011  510
0   25.2099995  50.41   10  12.011  511
0   27.66951165 0.710000001 10  12.011  512
0   28.89926772 1.420000001 10  12.011  513
0   28.89926772 2.840000002 10  12.011  514
0   27.66951165 3.549999998 10  12.011  515
0   27.66951165 4.969999999 10  12.011  516
0   28.89926772 5.679999999 10  12.011  517
0   27.66951165 7.810000001 10  12.011  518
0   27.66951165 9.230000002 10  12.011  519
0   28.89926772 9.939999998 10  12.011  520
0   28.89926772 11.36   10  12.011  521
0   27.66951165 12.07   10  12.011  522
0   27.66951165 13.49   10  12.011  523
0   28.89926772 14.2    10  12.011  524
0   28.89926772 15.62   10  12.011  525
0   27.66951165 16.33   10  12.011  526
0   27.66951165 17.75   10  12.011  527
0   28.89926772 18.46   10  12.011  528
0   28.89926772 19.88   10  12.011  529
0   27.66951165 20.59   10  12.011  530
0   27.66951165 22.01   10  12.011  531
0   28.89926772 22.72   10  12.011  532
0   28.89926772 24.14   10  12.011  533
0   27.66951165 24.85   10  12.011  534
0   27.66951165 26.27   10  12.011  535
0   28.89926772 26.98   10  12.011  536
0   28.89926772 28.4    10  12.011  537
0   27.66951165 29.11   10  12.011  538
0   27.66951165 30.53   10  12.011  539
0   28.89926772 31.24   10  12.011  540
0   28.89926772 32.66   10  12.011  541
0   27.66951165 33.37   10  12.011  542
0   27.66951165 34.79   10  12.011  543
0   28.89926772 35.5    10  12.011  544
0   28.89926772 36.92   10  12.011  545
0   27.66951165 37.63   10  12.011  546
0   27.66951165 39.05   10  12.011  547
0   28.89926772 39.76   10  12.011  548
0   28.89926772 41.18   10  12.011  549
0   27.66951165 41.89   10  12.011  550
0   27.66951165 43.31   10  12.011  551
0   28.89926772 44.02   10  12.011  552
0   28.89926772 45.44   10  12.011  553
0   27.66951165 46.15   10  12.011  554
0   27.66951165 47.57   10  12.011  555
0   28.89926772 48.28   10  12.011  556
0   28.89926772 49.7    10  12.011  557
0   27.66951165 50.41   10  12.011  558
0   30.1290238  0.710000001 10  12.011  559
0   31.35877987 1.420000001 10  12.011  560
0   31.35877987 2.840000002 10  12.011  561
0   30.1290238  3.549999998 10  12.011  562
0   30.1290238  4.969999999 10  12.011  563
0   31.35877987 5.679999999 10  12.011  564
0   31.35877987 7.100000001 10  12.011  565
0   30.1290238  7.810000001 10  12.011  566
0   30.1290238  9.230000002 10  12.011  567
0   31.35877987 9.939999998 10  12.011  568
0   31.35877987 11.36   10  12.011  569
0   30.1290238  12.07   10  12.011  570
0   30.1290238  13.49   10  12.011  571
0   31.35877987 14.2    10  12.011  572
0   31.35877987 15.62   10  12.011  573
0   30.1290238  16.33   10  12.011  574
0   30.1290238  17.75   10  12.011  575
0   31.35877987 18.46   10  12.011  576
0   31.35877987 19.88   10  12.011  577
0   30.1290238  20.59   10  12.011  578
0   30.1290238  22.01   10  12.011  579
0   31.35877987 22.72   10  12.011  580
0   31.35877987 24.14   10  12.011  581
0   30.1290238  24.85   10  12.011  582
0   30.1290238  26.27   10  12.011  583
0   31.35877987 26.98   10  12.011  584
0   31.35877987 28.4    10  12.011  585
0   30.1290238  29.11   10  12.011  586
0   30.1290238  30.53   10  12.011  587
0   31.35877987 31.24   10  12.011  588
0   31.35877987 32.66   10  12.011  589
0   30.1290238  33.37   10  12.011  590
0   30.1290238  34.79   10  12.011  591
0   31.35877987 35.5    10  12.011  592
0   31.35877987 36.92   10  12.011  593
0   30.1290238  37.63   10  12.011  594
0   30.1290238  39.05   10  12.011  595
0   31.35877987 39.76   10  12.011  596
0   31.35877987 41.18   10  12.011  597
0   30.1290238  41.89   10  12.011  598
0   30.1290238  43.31   10  12.011  599
0   31.35877987 44.02   10  12.011  600
0   31.35877987 45.44   10  12.011  601
0   30.1290238  46.15   10  12.011  602
0   30.1290238  47.57   10  12.011  603
0   31.35877987 48.28   10  12.011  604
0   31.35877987 49.7    10  12.011  605
0   30.1290238  50.41   10  12.011  606
0   32.58853595 0.710000001 10  12.011  607
0   33.81829202 1.420000001 10  12.011  608
0   33.81829202 2.840000002 10  12.011  609
0   32.58853595 3.549999998 10  12.011  610
0   32.58853595 4.969999999 10  12.011  611
0   33.81829202 5.679999999 10  12.011  612
0   33.81829202 7.100000001 10  12.011  613
0   32.58853595 7.810000001 10  12.011  614
0   32.58853595 9.230000002 10  12.011  615
0   33.81829202 9.939999998 10  12.011  616
0   33.81829202 11.36   10  12.011  617
0   32.58853595 12.07   10  12.011  618
0   32.58853595 13.49   10  12.011  619
0   33.81829202 14.2    10  12.011  620
0   33.81829202 15.62   10  12.011  621
0   32.58853595 16.33   10  12.011  622
0   32.58853595 17.75   10  12.011  623
0   33.81829202 18.46   10  12.011  624
0   33.81829202 19.88   10  12.011  625
0   32.58853595 20.59   10  12.011  626
0   32.58853595 22.01   10  12.011  627
0   33.81829202 22.72   10  12.011  628
0   33.81829202 24.14   10  12.011  629
0   32.58853595 24.85   10  12.011  630
0   32.58853595 26.27   10  12.011  631
0   33.81829202 26.98   10  12.011  632
0   33.81829202 28.4    10  12.011  633
0   32.58853595 29.11   10  12.011  634
0   32.58853595 30.53   10  12.011  635
0   33.81829202 31.24   10  12.011  636
0   33.81829202 32.66   10  12.011  637
0   32.58853595 33.37   10  12.011  638
0   32.58853595 34.79   10  12.011  639
0   33.81829202 35.5    10  12.011  640
0   33.81829202 36.92   10  12.011  641
0   32.58853595 37.63   10  12.011  642
0   32.58853595 39.05   10  12.011  643
0   33.81829202 39.76   10  12.011  644
0   33.81829202 41.18   10  12.011  645
0   32.58853595 41.89   10  12.011  646
0   32.58853595 43.31   10  12.011  647
0   33.81829202 44.02   10  12.011  648
0   33.81829202 45.44   10  12.011  649
0   32.58853595 46.15   10  12.011  650
0   32.58853595 47.57   10  12.011  651
0   33.81829202 48.28   10  12.011  652
0   33.81829202 49.7    10  12.011  653
0   32.58853595 50.41   10  12.011  654
0   35.04804809 0.710000001 10  12.011  655
0   36.27780417 1.420000001 10  12.011  656
0   36.27780417 2.840000002 10  12.011  657
0   36.27780417 5.679999999 10  12.011  658
0   36.27780417 7.100000001 10  12.011  659
0   35.04804809 7.810000001 10  12.011  660
0   35.04804809 9.230000002 10  12.011  661
0   36.27780417 9.939999998 10  12.011  662
0   36.27780417 11.36   10  12.011  663
0   35.04804809 12.07   10  12.011  664
0   35.04804809 13.49   10  12.011  665
0   36.27780417 14.2    10  12.011  666
0   36.27780417 15.62   10  12.011  667
0   35.04804809 16.33   10  12.011  668
0   35.04804809 17.75   10  12.011  669
0   36.27780417 18.46   10  12.011  670
0   36.27780417 19.88   10  12.011  671
0   35.04804809 20.59   10  12.011  672
0   35.04804809 22.01   10  12.011  673
0   36.27780417 22.72   10  12.011  674
0   36.27780417 24.14   10  12.011  675
0   35.04804809 24.85   10  12.011  676
0   35.04804809 26.27   10  12.011  677
0   36.27780417 26.98   10  12.011  678
0   36.27780417 28.4    10  12.011  679
0   35.04804809 29.11   10  12.011  680
0   35.04804809 30.53   10  12.011  681
0   36.27780417 31.24   10  12.011  682
0   36.27780417 32.66   10  12.011  683
0   35.04804809 33.37   10  12.011  684
0   35.04804809 34.79   10  12.011  685
0   36.27780417 36.92   10  12.011  686
0   35.04804809 37.63   10  12.011  687
0   35.04804809 39.05   10  12.011  688
0   36.27780417 39.76   10  12.011  689
0   36.27780417 41.18   10  12.011  690
0   35.04804809 41.89   10  12.011  691
0   35.04804809 43.31   10  12.011  692
0   36.27780417 44.02   10  12.011  693
0   36.27780417 45.44   10  12.011  694
0   35.04804809 46.15   10  12.011  695
0   35.04804809 47.57   10  12.011  696
0   36.27780417 48.28   10  12.011  697
0   36.27780417 49.7    10  12.011  698
0   35.04804809 50.41   10  12.011  699
0   37.50756024 0.710000001 10  12.011  700
0   38.73731631 1.420000001 10  12.011  701
0   38.73731631 2.840000002 10  12.011  702
0   37.50756024 3.549999998 10  12.011  703
0   37.50756024 4.969999999 10  12.011  704
0   38.73731631 5.679999999 10  12.011  705
0   38.73731631 7.100000001 10  12.011  706
0   37.50756024 7.810000001 10  12.011  707
0   37.50756024 9.230000002 10  12.011  708
0   38.73731631 9.939999998 10  12.011  709
0   38.73731631 11.36   10  12.011  710
0   37.50756024 12.07   10  12.011  711
0   37.50756024 13.49   10  12.011  712
0   38.73731631 14.2    10  12.011  713
0   38.73731631 15.62   10  12.011  714
0   37.50756024 16.33   10  12.011  715
0   37.50756024 17.75   10  12.011  716
0   38.73731631 18.46   10  12.011  717
0   38.73731631 19.88   10  12.011  718
0   37.50756024 20.59   10  12.011  719
0   37.50756024 22.01   10  12.011  720
0   38.73731631 22.72   10  12.011  721
0   38.73731631 24.14   10  12.011  722
0   37.50756024 24.85   10  12.011  723
0   37.50756024 26.27   10  12.011  724
0   38.73731631 26.98   10  12.011  725
0   38.73731631 28.4    10  12.011  726
0   37.50756024 29.11   10  12.011  727
0   37.50756024 30.53   10  12.011  728
0   38.73731631 31.24   10  12.011  729
0   38.73731631 32.66   10  12.011  730
0   37.50756024 34.79   10  12.011  731
0   38.73731631 35.5    10  12.011  732
0   38.73731631 36.92   10  12.011  733
0   37.50756024 37.63   10  12.011  734
0   37.50756024 39.05   10  12.011  735
0   38.73731631 39.76   10  12.011  736
0   38.73731631 41.18   10  12.011  737
0   37.50756024 41.89   10  12.011  738
0   37.50756024 43.31   10  12.011  739
0   38.73731631 44.02   10  12.011  740
0   38.73731631 45.44   10  12.011  741
0   37.50756024 46.15   10  12.011  742
0   37.50756024 47.57   10  12.011  743
0   38.73731631 48.28   10  12.011  744
0   38.73731631 49.7    10  12.011  745
0   37.50756024 50.41   10  12.011  746
0   39.96707238 0.710000001 10  12.011  747
0   41.19682846 2.840000002 10  12.011  748
0   39.96707238 3.549999998 10  12.011  749
0   39.96707238 4.969999999 10  12.011  750
0   41.19682846 5.679999999 10  12.011  751
0   41.19682846 7.100000001 10  12.011  752
0   39.96707238 7.810000001 10  12.011  753
0   39.96707238 9.230000002 10  12.011  754
0   41.19682846 9.939999998 10  12.011  755
0   41.19682846 11.36   10  12.011  756
0   39.96707238 12.07   10  12.011  757
0   39.96707238 13.49   10  12.011  758
0   41.19682846 14.2    10  12.011  759
0   41.19682846 15.62   10  12.011  760
0   39.96707238 16.33   10  12.011  761
0   39.96707238 17.75   10  12.011  762
0   41.19682846 18.46   10  12.011  763
0   41.19682846 19.88   10  12.011  764
0   39.96707238 20.59   10  12.011  765
0   39.96707238 22.01   10  12.011  766
0   41.19682846 24.14   10  12.011  767
0   39.96707238 24.85   10  12.011  768
0   39.96707238 26.27   10  12.011  769
0   41.19682846 26.98   10  12.011  770
0   41.19682846 28.4    10  12.011  771
0   39.96707238 29.11   10  12.011  772
0   39.96707238 30.53   10  12.011  773
0   41.19682846 31.24   10  12.011  774
0   41.19682846 32.66   10  12.011  775
0   39.96707238 33.37   10  12.011  776
0   39.96707238 34.79   10  12.011  777
0   41.19682846 35.5    10  12.011  778
0   41.19682846 36.92   10  12.011  779
0   39.96707238 37.63   10  12.011  780
0   39.96707238 39.05   10  12.011  781
0   41.19682846 39.76   10  12.011  782
0   41.19682846 41.18   10  12.011  783
0   39.96707238 41.89   10  12.011  784
0   39.96707238 43.31   10  12.011  785
0   41.19682846 44.02   10  12.011  786
0   41.19682846 45.44   10  12.011  787
0   39.96707238 46.15   10  12.011  788
0   39.96707238 47.57   10  12.011  789
0   41.19682846 48.28   10  12.011  790
0   41.19682846 49.7    10  12.011  791
0   39.96707238 50.41   10  12.011  792
0   43.6563406  1.420000001 10  12.011  793
0   43.6563406  2.840000002 10  12.011  794
0   42.42658453 3.549999998 10  12.011  795
0   42.42658453 4.969999999 10  12.011  796
0   43.6563406  5.679999999 10  12.011  797
0   43.6563406  7.100000001 10  12.011  798
0   42.42658453 7.810000001 10  12.011  799
0   42.42658453 9.230000002 10  12.011  800
0   43.6563406  9.939999998 10  12.011  801
0   43.6563406  11.36   10  12.011  802
0   42.42658453 12.07   10  12.011  803
0   43.6563406  14.2    10  12.011  804
0   43.6563406  15.62   10  12.011  805
0   42.42658453 16.33   10  12.011  806
0   42.42658453 17.75   10  12.011  807
0   43.6563406  18.46   10  12.011  808
0   43.6563406  19.88   10  12.011  809
0   42.42658453 20.59   10  12.011  810
0   42.42658453 22.01   10  12.011  811
0   43.6563406  22.72   10  12.011  812
0   43.6563406  24.14   10  12.011  813
0   42.42658453 24.85   10  12.011  814
0   42.42658453 26.27   10  12.011  815
0   43.6563406  26.98   10  12.011  816
0   43.6563406  28.4    10  12.011  817
0   42.42658453 29.11   10  12.011  818
0   42.42658453 30.53   10  12.011  819
0   43.6563406  31.24   10  12.011  820
0   43.6563406  32.66   10  12.011  821
0   42.42658453 34.79   10  12.011  822
0   43.6563406  35.5    10  12.011  823
0   43.6563406  36.92   10  12.011  824
0   42.42658453 37.63   10  12.011  825
0   42.42658453 39.05   10  12.011  826
0   43.6563406  39.76   10  12.011  827
0   43.6563406  41.18   10  12.011  828
0   42.42658453 41.89   10  12.011  829
0   42.42658453 43.31   10  12.011  830
0   43.6563406  44.02   10  12.011  831
0   43.6563406  45.44   10  12.011  832
0   42.42658453 46.15   10  12.011  833
0   42.42658453 47.57   10  12.011  834
0   43.6563406  48.28   10  12.011  835
0   43.6563406  49.7    10  12.011  836
0   42.42658453 50.41   10  12.011  837
0   44.88609668 0.710000001 10  12.011  838
0   46.11585275 1.420000001 10  12.011  839
0   44.88609668 3.549999998 10  12.011  840
0   44.88609668 4.969999999 10  12.011  841
0   46.11585275 5.679999999 10  12.011  842
0   46.11585275 7.100000001 10  12.011  843
0   44.88609668 7.810000001 10  12.011  844
0   44.88609668 9.230000002 10  12.011  845
0   46.11585275 9.939999998 10  12.011  846
0   46.11585275 11.36   10  12.011  847
0   44.88609668 12.07   10  12.011  848
0   44.88609668 13.49   10  12.011  849
0   46.11585275 14.2    10  12.011  850
0   46.11585275 15.62   10  12.011  851
0   44.88609668 16.33   10  12.011  852
0   44.88609668 17.75   10  12.011  853
0   46.11585275 18.46   10  12.011  854
0   46.11585275 19.88   10  12.011  855
0   44.88609668 20.59   10  12.011  856
0   44.88609668 22.01   10  12.011  857
0   46.11585275 22.72   10  12.011  858
0   46.11585275 24.14   10  12.011  859
0   44.88609668 24.85   10  12.011  860
0   44.88609668 26.27   10  12.011  861
0   46.11585275 26.98   10  12.011  862
0   46.11585275 28.4    10  12.011  863
0   44.88609668 29.11   10  12.011  864
0   44.88609668 30.53   10  12.011  865
0   46.11585275 31.24   10  12.011  866
0   46.11585275 32.66   10  12.011  867
0   44.88609668 33.37   10  12.011  868
0   44.88609668 34.79   10  12.011  869
0   46.11585275 35.5    10  12.011  870
0   46.11585275 36.92   10  12.011  871
0   44.88609668 37.63   10  12.011  872
0   44.88609668 39.05   10  12.011  873
0   46.11585275 39.76   10  12.011  874
0   46.11585275 41.18   10  12.011  875
0   44.88609668 41.89   10  12.011  876
0   44.88609668 43.31   10  12.011  877
0   46.11585275 44.02   10  12.011  878
0   46.11585275 45.44   10  12.011  879
0   44.88609668 46.15   10  12.011  880
0   44.88609668 47.57   10  12.011  881
0   46.11585275 48.28   10  12.011  882
0   46.11585275 49.7    10  12.011  883
0   44.88609668 50.41   10  12.011  884
0   47.34560883 0.710000001 10  12.011  885
0   48.5753649  1.420000001 10  12.011  886
0   48.5753649  2.840000002 10  12.011  887
0   47.34560883 3.549999998 10  12.011  888
0   47.34560883 4.969999999 10  12.011  889
0   48.5753649  5.679999999 10  12.011  890
0   48.5753649  7.100000001 10  12.011  891
0   47.34560883 9.230000002 10  12.011  892
0   48.5753649  9.939999998 10  12.011  893
0   48.5753649  11.36   10  12.011  894
0   47.34560883 12.07   10  12.011  895
0   47.34560883 13.49   10  12.011  896
0   48.5753649  14.2    10  12.011  897
0   48.5753649  15.62   10  12.011  898
0   47.34560883 16.33   10  12.011  899
0   47.34560883 17.75   10  12.011  900
0   48.5753649  18.46   10  12.011  901
0   48.5753649  19.88   10  12.011  902
0   47.34560883 20.59   10  12.011  903
0   47.34560883 22.01   10  12.011  904
0   48.5753649  22.72   10  12.011  905
0   48.5753649  24.14   10  12.011  906
0   47.34560883 24.85   10  12.011  907
0   47.34560883 26.27   10  12.011  908
0   48.5753649  26.98   10  12.011  909
0   48.5753649  28.4    10  12.011  910
0   47.34560883 29.11   10  12.011  911
0   47.34560883 30.53   10  12.011  912
0   48.5753649  31.24   10  12.011  913
0   48.5753649  32.66   10  12.011  914
0   47.34560883 33.37   10  12.011  915
0   47.34560883 34.79   10  12.011  916
0   48.5753649  35.5    10  12.011  917
0   48.5753649  36.92   10  12.011  918
0   47.34560883 37.63   10  12.011  919
0   47.34560883 39.05   10  12.011  920
0   48.5753649  39.76   10  12.011  921
0   48.5753649  41.18   10  12.011  922
0   47.34560883 41.89   10  12.011  923
0   47.34560883 43.31   10  12.011  924
0   48.5753649  44.02   10  12.011  925
0   48.5753649  45.44   10  12.011  926
0   47.34560883 46.15   10  12.011  927
0   47.34560883 47.57   10  12.011  928
0   48.5753649  48.28   10  12.011  929
0   48.5753649  49.7    10  12.011  930
0   47.34560883 50.41   10  12.011  931
0   49.80512097 0.710000001 10  12.011  932
0   51.03487705 1.420000001 10  12.011  933
0   51.03487705 2.840000002 10  12.011  934
0   49.80512097 3.549999998 10  12.011  935
0   51.03487705 5.679999999 10  12.011  936
0   51.03487705 7.100000001 10  12.011  937
0   49.80512097 7.810000001 10  12.011  938
0   49.80512097 9.230000002 10  12.011  939
0   51.03487705 9.939999998 10  12.011  940
0   51.03487705 11.36   10  12.011  941
0   49.80512097 12.07   10  12.011  942
0   49.80512097 13.49   10  12.011  943
0   51.03487705 14.2    10  12.011  944
0   51.03487705 15.62   10  12.011  945
0   49.80512097 16.33   10  12.011  946
0   49.80512097 17.75   10  12.011  947
0   51.03487705 18.46   10  12.011  948
0   51.03487705 19.88   10  12.011  949
0   49.80512097 20.59   10  12.011  950
0   49.80512097 22.01   10  12.011  951
0   51.03487705 22.72   10  12.011  952
0   51.03487705 24.14   10  12.011  953
0   49.80512097 24.85   10  12.011  954
0   49.80512097 26.27   10  12.011  955
0   51.03487705 26.98   10  12.011  956
0   51.03487705 28.4    10  12.011  957
0   49.80512097 29.11   10  12.011  958
0   51.03487705 31.24   10  12.011  959
0   51.03487705 32.66   10  12.011  960
0   49.80512097 33.37   10  12.011  961
0   49.80512097 34.79   10  12.011  962
0   51.03487705 35.5    10  12.011  963
0   51.03487705 36.92   10  12.011  964
0   49.80512097 37.63   10  12.011  965
0   49.80512097 39.05   10  12.011  966
0   51.03487705 39.76   10  12.011  967
0   51.03487705 41.18   10  12.011  968
0   49.80512097 41.89   10  12.011  969
0   49.80512097 43.31   10  12.011  970
0   51.03487705 44.02   10  12.011  971
0   51.03487705 45.44   10  12.011  972
0   49.80512097 46.15   10  12.011  973
0   49.80512097 47.57   10  12.011  974
0   51.03487705 48.28   10  12.011  975
0   51.03487705 49.7    10  12.011  976
0   49.80512097 50.41   10  12.011  977
